ผู้ใช้    :			N2AAFPU01							การไฟฟ้าส่วนภูมิภาค								วันที่   :	09.11.2022
ไคลเอนท์  :			PED-400				รายงานผลการเบิกจ่ายการจัดซื้อพัสดุประเภทต่างๆงบลงทุนที่ทำเป็นโครงการ (งบ P-ควบคุมงบประมาณโดยรวม) ประจำเดือน พ.ย. ปี 2565											เวลา     :	12:36:12
โปรแกรม   :			ZBUDR085						เขต การไฟฟ้าเขตภาคเหนือ 2 พิษณุโลก									หน้าที่  :	1



	                 รายการ			          WBS	   วงเงินงบประมาณ	จ่ายจริงถึง 31 ธ.ค.		 วงเงินคงเหลือยกมา/	จ่ายจริงสะสม สิ้นสุด		   วงเงินคงเหลือ	                                    อยู่ระหว่างดำเนินการ (คงเหลือ)					   วงเงินคงเหลือ

					      ตั้งต้น	        2564		ที่ได้รับจัดสรรในปี	    ณ พ.ย. 2565			        IR	        GR	วงเงินผูกพันใน SAP	        PO	        PR	  ยังไม่ดำเนินการ
					        (1)	        (2)		    (3)=(1)-(2)	        (4)		    (5)=(3)-(4)	       (6)	       (7)	 (8)=(5)-(6)-(7)	       (9)	       (10)	 (11)=(8)-(9)-(10)

	 1	คพส.8.1
		จัดหาพัสดุหลัก ปี 63 ที่ กฟน.2		P-TSD08.1-B-ACT63.3000	      34,299,200.00	               0.00		      34,299,200.00	               0.00		      34,299,200.00	             0.00	             0.00	    34,299,200.00	             0.00	    34,299,200.00	               0.00

		รวม จัดหาพัสดุหลัก ปี 63 ที่ กฟน.2			      34,299,200.00	               0.00		      34,299,200.00	               0.00		      34,299,200.00	             0.00	             0.00	    34,299,200.00	             0.00	    34,299,200.00	               0.00

		รวม คพส.8.1			      34,299,200.00	               0.00		      34,299,200.00	               0.00		      34,299,200.00	             0.00	             0.00	    34,299,200.00	             0.00	    34,299,200.00	               0.00

	 2	คพจ.2 (แผน 3)
		จัดซื้อพัสดุรอง ปี 2565		P-TDD02.3-B-ACT65.6000	      55,012,200.00	               0.00		      55,012,200.00	      25,920,290.00		      29,091,910.00	       180,000.00	     7,949,001.00	    20,962,909.00	    15,106,206.00	     2,975,000.00	       2,881,703.00

		รวม จัดซื้อพัสดุรอง ปี 2565			      55,012,200.00	               0.00		      55,012,200.00	      25,920,290.00		      29,091,910.00	       180,000.00	     7,949,001.00	    20,962,909.00	    15,106,206.00	     2,975,000.00	       2,881,703.00

		จัดซื้อผลิตภัณฑ์คอนกรีต		P-TDD02.3-B-ACTXX.2000	     127,757,210.00	      60,648,320.00		      67,108,890.00	      40,801,736.00		      26,307,154.00	             0.00	             0.00	    26,307,154.00	    26,223,656.00	             0.00	          83,498.00

		รวม จัดซื้อผลิตภัณฑ์คอนกรีต			     127,757,210.00	      60,648,320.00		      67,108,890.00	      40,801,736.00		      26,307,154.00	             0.00	             0.00	    26,307,154.00	    26,223,656.00	             0.00	          83,498.00

		รวม คพจ.2 (แผน 3)			     182,769,410.00	      60,648,320.00		     122,121,090.00	      66,722,026.00		      55,399,064.00	       180,000.00	     7,949,001.00	    47,270,063.00	    41,329,862.00	     2,975,000.00	       2,965,201.00

	 3	คพจ.2 (แผน 4)
		จัดซื้อพัสดุรอง ปี 2563 (คพจ.2 แผน		P-TDD02.4-B-ACT63.6000	      13,106,784.80	       8,205,383.00		       4,901,401.80	       4,901,401.80		               0.00	             0.00	             0.00	             0.00	             0.00	             0.00	               0.00

		รวม จัดซื้อพัสดุรอง ปี 2563 (คพจ.2 แผน 4 )			      13,106,784.80	       8,205,383.00		       4,901,401.80	       4,901,401.80		               0.00	             0.00	             0.00	             0.00	             0.00	             0.00	               0.00

		จัดซื้อพัสดุรอง ปี 2564		P-TDD02.4-B-ACT64.6000	      69,434,589.70	      39,979,709.70		      29,454,880.00	      29,454,880.00		               0.00	             0.00	             0.00	             0.00	             0.00	             0.00	               0.00

		รวม จัดซื้อพัสดุรอง ปี 2564			      69,434,589.70	      39,979,709.70		      29,454,880.00	      29,454,880.00		               0.00	             0.00	             0.00	             0.00	             0.00	             0.00	               0.00

		รวม คพจ.2 (แผน 4)			      82,541,374.50	      48,185,092.70		      34,356,281.80	      34,356,281.80		               0.00	             0.00	             0.00	             0.00	             0.00	             0.00	               0.00

		รวมทั้งสิ้น			     299,609,984.50	     108,833,412.70		     190,776,571.80	     101,078,307.80		      89,698,264.00	       180,000.00	     7,949,001.00	    81,569,263.00	    41,329,862.00	    37,274,200.00	       2,965,201.00
